1851.202600958248
1851.632443531827
1851.969199178645
1851.974674880219
1852.314168377823
1852.347022587269
1852.357973990418
1852.385352498289
1852.976728268309
1853.19575633128
1853.228610540726
1853.318959616701
1853.499657768652
1854.134839151266
1856.396303901437
1856.505817932923
1856.538672142368
1856.618069815195
1857.13826146475
1857.403832991102
1857.581793292266
1858.091033538672
1858.154004106776
1858.405886379192
1858.945242984257
1860.125256673511
1860.169062286105
1860.590691307324
1860.850787132101
1860.91923340178
1860.971252566735
1861.184804928131
1861.737850787132
1861.836413415469
1862.137577002053
1862.893223819302
1862.937029431896
1863.177960301164
1863.793976728268
1863.939082819986
1863.985626283368
1865.458590006845
1865.970568104038
1866.063655030801
1866.340177960301
1866.452429842574
1866.832991101985
1866.947980835045
1866.950718685832
1867.635181382615
1867.854209445585
1867.862422997947
1868.749486652977
1868.902806297057
1868.987679671458
1869.250513347023
1869.442162902122
1869.554414784394
1869.809034907598
1869.874743326489
1870.123887748118
1870.515400410678
1870.559206023272
1870.633127994524
1871.027378507871
1871.150581793292
1871.167008898015
1871.736481861739
1871.815879534565
1872.122518822724
1872.240246406571
1872.768651608487
1873.135523613963
1874.285420944559
1874.545516769336
1874.887748117728
1874.98083504449
1875.328542094456
1875.925393566051
1875.930869267625
1875.930869267625
1876.965776865161
1877.064339493498
1877.105407255304
1877.190280629706
1877.778918548939
1877.809034907598
1878.184120465435
1878.195071868583
1878.23613963039
1878.433264887064
1878.696098562628
1879.035592060233
1879.172484599589
1879.501026694045
1880.056810403833
1880.538672142368
1880.68925393566
1880.943874058864
1881.105407255304
1881.967830253251
1882.129363449692
1882.296372347707
1882.299110198494
1882.334702258727
1882.852156057495
1883.796714579055
1883.851471594798
1884.073237508556
1884.856262833676
1885.168377823409
1885.464065708419
1885.9787816564
1886.616700889801
1886.693360711841
1886.753593429158
1886.920602327173
1887.134154688569
1887.405201916496
1888.297741273101
1889.050650239562
1889.198494182067
1889.792607802875
1890.101984941821
1890.189596167009
1891.251882272416
1891.665297741273
1892.653661875428
1893.507871321013
1894.477070499658
1895.317590691307
1896.070499657769
1896.284052019165
1896.330595482546
1899.62970568104
1901.392881587954
1902.671457905544
1905.056125941136
1905.187542778918
1905.524298425736
1906.772758384668
1908.13620807666
1908.270362765229
1908.629021218343
1909.127310061602
1909.82546201232
1910.356605065024
1910.969883641342
1912.519507186858
1913.784394250513
1914.40862422998
1916.615331964408
1918.030800821355
1922.529089664613
1922.676933607118
1923.569472963723
1927.161533196441
1928.114305270363
1930.154004106776
1930.748117727584
1931.07665982204
1931.829568788501
1931.884325804244
1932.065023956194
1932.864476386037
1932.875427789186
1933.88295687885
1934.7234770705
1935.643394934976
1935.695414099931
1936.596167008898
1937.499657768652
1938.353867214237
1939.82135523614
1940.218343600274
1940.423682409309
1941.420260095825
1941.521560574949
1941.573579739904
1942.000684462697
1942.129363449692
1942.482546201232
1946.945242984257
1947.024640657084
1947.618754277892
1947.637919233402
1947.68720054757
1951.405201916496
1957.88295687885
1960.4893908282
1962.219712525667
